%YAML:1.0
MarkerSize:
   width: 381
   height: 188
MarkerOrigin:
   x: 99
   y: 237
WorldScale: 5.6999999284744263e-001
WorldAngle: 2.9157109260559082e+000
MARKER_DEPTH: 809.
KinectTransform: !!opencv-matrix
   rows: 4
   cols: 4
   dt: f
   data: [ 9.95261848e-001, -5.04266582e-002, -2.09781602e-002,
       3.36247589e+002, -5.13694026e-002, -9.94325578e-001,
       -4.69770469e-002, 2.63379326e+001, -1.85503438e-002,
       4.79876138e-002, -9.95430589e-001, 8.17676819e+002, 0., 0., 0.,
       1. ]
