%YAML:1.0
MarkerSize:
   width: 385
   height: 190
MarkerOrigin:
   x: 248
   y: 177
WorldScale: 5.6000000238418579e-001
WorldAngle: -8.3934659957885742e+000
MARKER_DEPTH: 787.
KinectTransform: !!opencv-matrix
   rows: 4
   cols: 4
   dt: f
   data: [ 6.14915133e-001, 8.23074058e-002, -2.59171635e-001,
       3.32472137e+002, 1.40809998e-001, -6.44591749e-001,
       1.29379630e-001, -5.83938646e+000, -2.32630581e-001,
       -1.72603682e-001, -6.06758654e-001, 4.92412903e+002, 0., 0., 0.,
       1. ]
