%YAML:1.0
MarkerSize:
   width: 387
   height: 191
MarkerOrigin:
   x: 278
   y: 247
WorldScale: 5.2999997138977051e-001
WorldAngle: 1.1130947113037109e+001
MARKER_DEPTH: 728.
KinectTransform: !!opencv-matrix
   rows: 4
   cols: 4
   dt: f
   data: [ 7.63032794e-001, -1.25077978e-001, -2.20250830e-001,
       2.55634201e+002, -1.54136002e-001, -7.84055591e-001,
       -8.87295306e-002, 7.03013687e+001, -2.00990081e-001,
       1.26437098e-001, -7.68108487e-001, 6.01604187e+002, 0., 0., 0.,
       1. ]
