%YAML:1.0
MarkerSize:
   width: 389
   height: 192
MarkerOrigin:
   x: 268
   y: 192
WorldScale: 5.6000000238418579e-001
WorldAngle: 1.1591820716857910e+001
MARKER_DEPTH: 773.
KinectTransform: !!opencv-matrix
   rows: 4
   cols: 4
   dt: f
   data: [ 7.80369222e-001, -1.64465904e-001, 1.37854084e-001,
       -7.71391201e+000, -1.70116633e-001, -7.91023135e-001,
       1.92772653e-002, 4.41236954e+001, 1.30817086e-001,
       -4.75631058e-002, -7.97278881e-001, 6.15591064e+002, 0., 0., 0.,
       1. ]
