%YAML:1.0
MarkerSize:
   width: 385
   height: 190
MarkerOrigin:
   x: 250
   y: 164
WorldScale: 5.6000000238418579e-001
WorldAngle: -3.8998312950134277e+000
MARKER_DEPTH: 789.
KinectTransform: !!opencv-matrix
   rows: 4
   cols: 4
   dt: f
   data: [ 9.34401810e-001, 7.31059685e-002, 1.22383937e-001,
       -7.40529108e+000, 6.74986467e-002, -9.41622138e-001,
       4.71249707e-002, 7.19838409e+001, 1.25563711e-001,
       -3.78463641e-002, -9.36071813e-001, 7.45786560e+002, 0., 0., 0.,
       1. ]
