%YAML:1.0
MarkerSize:
   width: 420
   height: 207
MarkerOrigin:
   x: 235
   y: 233
WorldScale: 5.7999998331069946e-001
WorldAngle: 4.0148820877075195e+000
MARKER_DEPTH: 736.
KinectTransform: !!opencv-matrix
   rows: 4
   cols: 4
   dt: f
   data: [ 7.46079147e-001, -4.85822447e-002, 2.76204175e-003,
       1.48980881e+002, -4.86605950e-002, -7.44960487e-001,
       4.08401415e-002, 1.79411066e+000, 9.83146165e-005,
       -4.09333147e-002, -7.46542931e-001, 5.58706177e+002, 0., 0., 0.,
       1. ]
