%YAML:1.0
MarkerSize:
   width: 387
   height: 191
MarkerOrigin:
   x: 272
   y: 271
WorldScale: 5.1999998092651367e-001
WorldAngle: 6.0639142990112305e+000
MARKER_DEPTH: 707.
KinectTransform: !!opencv-matrix
   rows: 4
   cols: 4
   dt: f
   data: [ 7.97321141e-001, -1.06066801e-001, 7.99801946e-002,
       1.76463032e+001, -8.84772167e-002, -7.87017941e-001,
       -1.61686599e-001, 1.03029892e+002, 9.90897641e-002,
       1.50733560e-001, -7.87926793e-001, 6.04512756e+002, 0., 0., 0.,
       1. ]
