%YAML:1.0
MarkerSize:
   width: 387
   height: 191
MarkerOrigin:
   x: 269
   y: 229
WorldScale: 5.4000002145767212e-001
WorldAngle: 4.8576469421386719e+000
MARKER_DEPTH: 727.
KinectTransform: !!opencv-matrix
   rows: 4
   cols: 4
   dt: f
   data: [ 7.76563346e-001, -4.62395884e-002, -1.90965623e-001,
       2.47164490e+002, -8.64139199e-002, -7.79575229e-001,
       -1.62639961e-001, 1.53630005e+002, -1.76461339e-001,
       1.78272322e-001, -7.60747612e-001, 6.02644226e+002, 0., 0., 0.,
       1. ]
